"Cpu model" , Architecture , "Operating system type" , "Operating system version" , Browser , "Iteration amount" , Iteration , Start , End , Time
"Apple M1" , arm64 , Darwin , "Darwin Kernel Version 23.2.0: Wed Nov 15 21:53:34 PST 2023; root:xnu-10002.61.3~2/RELEASE_ARM64_T8103" , Chrome/123.0.6312.122 , 30 , 1 , 3842.100000000093 , 3892 , 49.89999999990687
"Apple M1" , arm64 , Darwin , "Darwin Kernel Version 23.2.0: Wed Nov 15 21:53:34 PST 2023; root:xnu-10002.61.3~2/RELEASE_ARM64_T8103" , Chrome/123.0.6312.122 , 30 , 1 , 7436.899999999907 , 7486.600000000093 , 49.700000000186265
"Apple M1" , arm64 , Darwin , "Darwin Kernel Version 23.2.0: Wed Nov 15 21:53:34 PST 2023; root:xnu-10002.61.3~2/RELEASE_ARM64_T8103" , Chrome/123.0.6312.122 , 30 , 1 , 11219.100000000093 , 11268.799999999814 , 49.6999999997206
"Apple M1" , arm64 , Darwin , "Darwin Kernel Version 23.2.0: Wed Nov 15 21:53:34 PST 2023; root:xnu-10002.61.3~2/RELEASE_ARM64_T8103" , Chrome/123.0.6312.122 , 30 , 2 , 3823.899999999907 , 3873.7999999998137 , 49.89999999990687
"Apple M1" , arm64 , Darwin , "Darwin Kernel Version 23.2.0: Wed Nov 15 21:53:34 PST 2023; root:xnu-10002.61.3~2/RELEASE_ARM64_T8103" , Chrome/123.0.6312.122 , 30 , 2 , 7423.299999999814 , 7476.899999999907 , 53.60000000009313
"Apple M1" , arm64 , Darwin , "Darwin Kernel Version 23.2.0: Wed Nov 15 21:53:34 PST 2023; root:xnu-10002.61.3~2/RELEASE_ARM64_T8103" , Chrome/123.0.6312.122 , 30 , 2 , 11217.69999999972 , 11267.600000000093 , 49.90000000037253
"Apple M1" , arm64 , Darwin , "Darwin Kernel Version 23.2.0: Wed Nov 15 21:53:34 PST 2023; root:xnu-10002.61.3~2/RELEASE_ARM64_T8103" , Chrome/123.0.6312.122 , 30 , 3 , 3795.600000000093 , 3845.5 , 49.89999999990687
"Apple M1" , arm64 , Darwin , "Darwin Kernel Version 23.2.0: Wed Nov 15 21:53:34 PST 2023; root:xnu-10002.61.3~2/RELEASE_ARM64_T8103" , Chrome/123.0.6312.122 , 30 , 3 , 7370.799999999814 , 7421.199999999721 , 50.39999999990687
"Apple M1" , arm64 , Darwin , "Darwin Kernel Version 23.2.0: Wed Nov 15 21:53:34 PST 2023; root:xnu-10002.61.3~2/RELEASE_ARM64_T8103" , Chrome/123.0.6312.122 , 30 , 3 , 11153.799999999814 , 11203.5 , 49.700000000186265
"Apple M1" , arm64 , Darwin , "Darwin Kernel Version 23.2.0: Wed Nov 15 21:53:34 PST 2023; root:xnu-10002.61.3~2/RELEASE_ARM64_T8103" , Chrome/123.0.6312.122 , 30 , 4 , 3814.5 , 3864.3000000002794 , 49.8000000002794
"Apple M1" , arm64 , Darwin , "Darwin Kernel Version 23.2.0: Wed Nov 15 21:53:34 PST 2023; root:xnu-10002.61.3~2/RELEASE_ARM64_T8103" , Chrome/123.0.6312.122 , 30 , 4 , 7398.300000000279 , 7450.300000000279 , 52
"Apple M1" , arm64 , Darwin , "Darwin Kernel Version 23.2.0: Wed Nov 15 21:53:34 PST 2023; root:xnu-10002.61.3~2/RELEASE_ARM64_T8103" , Chrome/123.0.6312.122 , 30 , 4 , 11197.80000000028 , 11247.700000000186 , 49.89999999990687
"Apple M1" , arm64 , Darwin , "Darwin Kernel Version 23.2.0: Wed Nov 15 21:53:34 PST 2023; root:xnu-10002.61.3~2/RELEASE_ARM64_T8103" , Chrome/123.0.6312.122 , 30 , 5 , 3806.1999999997206 , 3856.0999999996275 , 49.89999999990687
"Apple M1" , arm64 , Darwin , "Darwin Kernel Version 23.2.0: Wed Nov 15 21:53:34 PST 2023; root:xnu-10002.61.3~2/RELEASE_ARM64_T8103" , Chrome/123.0.6312.122 , 30 , 5 , 7379 , 7428.799999999814 , 49.799999999813735
"Apple M1" , arm64 , Darwin , "Darwin Kernel Version 23.2.0: Wed Nov 15 21:53:34 PST 2023; root:xnu-10002.61.3~2/RELEASE_ARM64_T8103" , Chrome/123.0.6312.122 , 30 , 5 , 11156.299999999814 , 11206.899999999907 , 50.60000000009313
"Apple M1" , arm64 , Darwin , "Darwin Kernel Version 23.2.0: Wed Nov 15 21:53:34 PST 2023; root:xnu-10002.61.3~2/RELEASE_ARM64_T8103" , Chrome/123.0.6312.122 , 30 , 6 , 3647 , 3697.2999999998137 , 50.299999999813735
"Apple M1" , arm64 , Darwin , "Darwin Kernel Version 23.2.0: Wed Nov 15 21:53:34 PST 2023; root:xnu-10002.61.3~2/RELEASE_ARM64_T8103" , Chrome/123.0.6312.122 , 30 , 6 , 7290.700000000186 , 7340.5 , 49.799999999813735
"Apple M1" , arm64 , Darwin , "Darwin Kernel Version 23.2.0: Wed Nov 15 21:53:34 PST 2023; root:xnu-10002.61.3~2/RELEASE_ARM64_T8103" , Chrome/123.0.6312.122 , 30 , 6 , 10766.100000000093 , 10815.200000000186 , 49.10000000009313
"Apple M1" , arm64 , Darwin , "Darwin Kernel Version 23.2.0: Wed Nov 15 21:53:34 PST 2023; root:xnu-10002.61.3~2/RELEASE_ARM64_T8103" , Chrome/123.0.6312.122 , 30 , 7 , 3802.9000000003725 , 3852.8000000002794 , 49.89999999990687
"Apple M1" , arm64 , Darwin , "Darwin Kernel Version 23.2.0: Wed Nov 15 21:53:34 PST 2023; root:xnu-10002.61.3~2/RELEASE_ARM64_T8103" , Chrome/123.0.6312.122 , 30 , 7 , 7263.4000000003725 , 7312.700000000186 , 49.299999999813735
"Apple M1" , arm64 , Darwin , "Darwin Kernel Version 23.2.0: Wed Nov 15 21:53:34 PST 2023; root:xnu-10002.61.3~2/RELEASE_ARM64_T8103" , Chrome/123.0.6312.122 , 30 , 7 , 11079.100000000093 , 11128.80000000028 , 49.700000000186265
"Apple M1" , arm64 , Darwin , "Darwin Kernel Version 23.2.0: Wed Nov 15 21:53:34 PST 2023; root:xnu-10002.61.3~2/RELEASE_ARM64_T8103" , Chrome/123.0.6312.122 , 30 , 8 , 3653.100000000093 , 3703.100000000093 , 50
"Apple M1" , arm64 , Darwin , "Darwin Kernel Version 23.2.0: Wed Nov 15 21:53:34 PST 2023; root:xnu-10002.61.3~2/RELEASE_ARM64_T8103" , Chrome/123.0.6312.122 , 30 , 8 , 7283.199999999721 , 7333.600000000093 , 50.40000000037253
"Apple M1" , arm64 , Darwin , "Darwin Kernel Version 23.2.0: Wed Nov 15 21:53:34 PST 2023; root:xnu-10002.61.3~2/RELEASE_ARM64_T8103" , Chrome/123.0.6312.122 , 30 , 8 , 10766.799999999814 , 10816.100000000093 , 49.3000000002794
"Apple M1" , arm64 , Darwin , "Darwin Kernel Version 23.2.0: Wed Nov 15 21:53:34 PST 2023; root:xnu-10002.61.3~2/RELEASE_ARM64_T8103" , Chrome/123.0.6312.122 , 30 , 9 , 3793.7000000001863 , 3843.600000000093 , 49.89999999990687
"Apple M1" , arm64 , Darwin , "Darwin Kernel Version 23.2.0: Wed Nov 15 21:53:34 PST 2023; root:xnu-10002.61.3~2/RELEASE_ARM64_T8103" , Chrome/123.0.6312.122 , 30 , 9 , 7365.800000000279 , 7417.4000000003725 , 51.60000000009313
"Apple M1" , arm64 , Darwin , "Darwin Kernel Version 23.2.0: Wed Nov 15 21:53:34 PST 2023; root:xnu-10002.61.3~2/RELEASE_ARM64_T8103" , Chrome/123.0.6312.122 , 30 , 9 , 11131.30000000028 , 11181.100000000093 , 49.799999999813735
"Apple M1" , arm64 , Darwin , "Darwin Kernel Version 23.2.0: Wed Nov 15 21:53:34 PST 2023; root:xnu-10002.61.3~2/RELEASE_ARM64_T8103" , Chrome/123.0.6312.122 , 30 , 10 , 3803.2000000001863 , 3853.3000000002794 , 50.10000000009313
"Apple M1" , arm64 , Darwin , "Darwin Kernel Version 23.2.0: Wed Nov 15 21:53:34 PST 2023; root:xnu-10002.61.3~2/RELEASE_ARM64_T8103" , Chrome/123.0.6312.122 , 30 , 10 , 7393.800000000279 , 7444.600000000093 , 50.799999999813735
"Apple M1" , arm64 , Darwin , "Darwin Kernel Version 23.2.0: Wed Nov 15 21:53:34 PST 2023; root:xnu-10002.61.3~2/RELEASE_ARM64_T8103" , Chrome/123.0.6312.122 , 30 , 10 , 11171.600000000093 , 11222.30000000028 , 50.700000000186265
"Apple M1" , arm64 , Darwin , "Darwin Kernel Version 23.2.0: Wed Nov 15 21:53:34 PST 2023; root:xnu-10002.61.3~2/RELEASE_ARM64_T8103" , Chrome/123.0.6312.122 , 30 , 11 , 3809 , 3859.100000000093 , 50.10000000009313
"Apple M1" , arm64 , Darwin , "Darwin Kernel Version 23.2.0: Wed Nov 15 21:53:34 PST 2023; root:xnu-10002.61.3~2/RELEASE_ARM64_T8103" , Chrome/123.0.6312.122 , 30 , 11 , 7408.700000000186 , 7461.800000000279 , 53.10000000009313
"Apple M1" , arm64 , Darwin , "Darwin Kernel Version 23.2.0: Wed Nov 15 21:53:34 PST 2023; root:xnu-10002.61.3~2/RELEASE_ARM64_T8103" , Chrome/123.0.6312.122 , 30 , 11 , 11204.600000000093 , 11254.400000000373 , 49.8000000002794
"Apple M1" , arm64 , Darwin , "Darwin Kernel Version 23.2.0: Wed Nov 15 21:53:34 PST 2023; root:xnu-10002.61.3~2/RELEASE_ARM64_T8103" , Chrome/123.0.6312.122 , 30 , 12 , 3790.5 , 3840.2999999998137 , 49.799999999813735
"Apple M1" , arm64 , Darwin , "Darwin Kernel Version 23.2.0: Wed Nov 15 21:53:34 PST 2023; root:xnu-10002.61.3~2/RELEASE_ARM64_T8103" , Chrome/123.0.6312.122 , 30 , 12 , 7358.0999999996275 , 7411.799999999814 , 53.700000000186265
"Apple M1" , arm64 , Darwin , "Darwin Kernel Version 23.2.0: Wed Nov 15 21:53:34 PST 2023; root:xnu-10002.61.3~2/RELEASE_ARM64_T8103" , Chrome/123.0.6312.122 , 30 , 12 , 11142.900000000373 , 11192.599999999627 , 49.69999999925494
"Apple M1" , arm64 , Darwin , "Darwin Kernel Version 23.2.0: Wed Nov 15 21:53:34 PST 2023; root:xnu-10002.61.3~2/RELEASE_ARM64_T8103" , Chrome/123.0.6312.122 , 30 , 13 , 3803.5 , 3853.5999999996275 , 50.09999999962747
"Apple M1" , arm64 , Darwin , "Darwin Kernel Version 23.2.0: Wed Nov 15 21:53:34 PST 2023; root:xnu-10002.61.3~2/RELEASE_ARM64_T8103" , Chrome/123.0.6312.122 , 30 , 13 , 7382.399999999441 , 7432.200000000186 , 49.80000000074506
"Apple M1" , arm64 , Darwin , "Darwin Kernel Version 23.2.0: Wed Nov 15 21:53:34 PST 2023; root:xnu-10002.61.3~2/RELEASE_ARM64_T8103" , Chrome/123.0.6312.122 , 30 , 13 , 11150.099999999627 , 11199.899999999441 , 49.799999999813735
"Apple M1" , arm64 , Darwin , "Darwin Kernel Version 23.2.0: Wed Nov 15 21:53:34 PST 2023; root:xnu-10002.61.3~2/RELEASE_ARM64_T8103" , Chrome/123.0.6312.122 , 30 , 14 , 3802.199999999255 , 3852.199999999255 , 50
"Apple M1" , arm64 , Darwin , "Darwin Kernel Version 23.2.0: Wed Nov 15 21:53:34 PST 2023; root:xnu-10002.61.3~2/RELEASE_ARM64_T8103" , Chrome/123.0.6312.122 , 30 , 14 , 7370.399999999441 , 7422.5999999996275 , 52.200000000186265
"Apple M1" , arm64 , Darwin , "Darwin Kernel Version 23.2.0: Wed Nov 15 21:53:34 PST 2023; root:xnu-10002.61.3~2/RELEASE_ARM64_T8103" , Chrome/123.0.6312.122 , 30 , 14 , 11146.899999999441 , 11197.299999999814 , 50.40000000037253
"Apple M1" , arm64 , Darwin , "Darwin Kernel Version 23.2.0: Wed Nov 15 21:53:34 PST 2023; root:xnu-10002.61.3~2/RELEASE_ARM64_T8103" , Chrome/123.0.6312.122 , 30 , 15 , 3798.0999999996275 , 3848 , 49.90000000037253
"Apple M1" , arm64 , Darwin , "Darwin Kernel Version 23.2.0: Wed Nov 15 21:53:34 PST 2023; root:xnu-10002.61.3~2/RELEASE_ARM64_T8103" , Chrome/123.0.6312.122 , 30 , 15 , 7383.4000000003725 , 7436.799999999814 , 53.39999999944121
"Apple M1" , arm64 , Darwin , "Darwin Kernel Version 23.2.0: Wed Nov 15 21:53:34 PST 2023; root:xnu-10002.61.3~2/RELEASE_ARM64_T8103" , Chrome/123.0.6312.122 , 30 , 15 , 11161.200000000186 , 11211 , 49.799999999813735
"Apple M1" , arm64 , Darwin , "Darwin Kernel Version 23.2.0: Wed Nov 15 21:53:34 PST 2023; root:xnu-10002.61.3~2/RELEASE_ARM64_T8103" , Chrome/123.0.6312.122 , 30 , 16 , 3797.5 , 3847.5999999996275 , 50.09999999962747
"Apple M1" , arm64 , Darwin , "Darwin Kernel Version 23.2.0: Wed Nov 15 21:53:34 PST 2023; root:xnu-10002.61.3~2/RELEASE_ARM64_T8103" , Chrome/123.0.6312.122 , 30 , 16 , 7364.799999999814 , 7418.199999999255 , 53.39999999944121
"Apple M1" , arm64 , Darwin , "Darwin Kernel Version 23.2.0: Wed Nov 15 21:53:34 PST 2023; root:xnu-10002.61.3~2/RELEASE_ARM64_T8103" , Chrome/123.0.6312.122 , 30 , 16 , 11142.899999999441 , 11192.799999999814 , 49.90000000037253
"Apple M1" , arm64 , Darwin , "Darwin Kernel Version 23.2.0: Wed Nov 15 21:53:34 PST 2023; root:xnu-10002.61.3~2/RELEASE_ARM64_T8103" , Chrome/123.0.6312.122 , 30 , 17 , 3812.9000000003725 , 3863.2000000001863 , 50.299999999813735
"Apple M1" , arm64 , Darwin , "Darwin Kernel Version 23.2.0: Wed Nov 15 21:53:34 PST 2023; root:xnu-10002.61.3~2/RELEASE_ARM64_T8103" , Chrome/123.0.6312.122 , 30 , 17 , 7424.4000000003725 , 7476.700000000186 , 52.299999999813735
"Apple M1" , arm64 , Darwin , "Darwin Kernel Version 23.2.0: Wed Nov 15 21:53:34 PST 2023; root:xnu-10002.61.3~2/RELEASE_ARM64_T8103" , Chrome/123.0.6312.122 , 30 , 17 , 11212 , 11261.900000000373 , 49.90000000037253
"Apple M1" , arm64 , Darwin , "Darwin Kernel Version 23.2.0: Wed Nov 15 21:53:34 PST 2023; root:xnu-10002.61.3~2/RELEASE_ARM64_T8103" , Chrome/123.0.6312.122 , 30 , 18 , 3822 , 3871.800000000745 , 49.80000000074506
"Apple M1" , arm64 , Darwin , "Darwin Kernel Version 23.2.0: Wed Nov 15 21:53:34 PST 2023; root:xnu-10002.61.3~2/RELEASE_ARM64_T8103" , Chrome/123.0.6312.122 , 30 , 18 , 7398.100000000559 , 7449.800000000745 , 51.700000000186265
"Apple M1" , arm64 , Darwin , "Darwin Kernel Version 23.2.0: Wed Nov 15 21:53:34 PST 2023; root:xnu-10002.61.3~2/RELEASE_ARM64_T8103" , Chrome/123.0.6312.122 , 30 , 18 , 11167.700000000186 , 11217.300000000745 , 49.60000000055879
"Apple M1" , arm64 , Darwin , "Darwin Kernel Version 23.2.0: Wed Nov 15 21:53:34 PST 2023; root:xnu-10002.61.3~2/RELEASE_ARM64_T8103" , Chrome/123.0.6312.122 , 30 , 19 , 3805.2000000001863 , 3855.0999999996275 , 49.89999999944121
"Apple M1" , arm64 , Darwin , "Darwin Kernel Version 23.2.0: Wed Nov 15 21:53:34 PST 2023; root:xnu-10002.61.3~2/RELEASE_ARM64_T8103" , Chrome/123.0.6312.122 , 30 , 19 , 7381 , 7434.5 , 53.5
"Apple M1" , arm64 , Darwin , "Darwin Kernel Version 23.2.0: Wed Nov 15 21:53:34 PST 2023; root:xnu-10002.61.3~2/RELEASE_ARM64_T8103" , Chrome/123.0.6312.122 , 30 , 19 , 11161.899999999441 , 11211.799999999814 , 49.90000000037253
"Apple M1" , arm64 , Darwin , "Darwin Kernel Version 23.2.0: Wed Nov 15 21:53:34 PST 2023; root:xnu-10002.61.3~2/RELEASE_ARM64_T8103" , Chrome/123.0.6312.122 , 30 , 20 , 3653 , 3704.2999999998137 , 51.299999999813735
"Apple M1" , arm64 , Darwin , "Darwin Kernel Version 23.2.0: Wed Nov 15 21:53:34 PST 2023; root:xnu-10002.61.3~2/RELEASE_ARM64_T8103" , Chrome/123.0.6312.122 , 30 , 20 , 7273.9000000003725 , 7323.5999999996275 , 49.69999999925494
"Apple M1" , arm64 , Darwin , "Darwin Kernel Version 23.2.0: Wed Nov 15 21:53:34 PST 2023; root:xnu-10002.61.3~2/RELEASE_ARM64_T8103" , Chrome/123.0.6312.122 , 30 , 20 , 10770.299999999814 , 10820.5 , 50.200000000186265
"Apple M1" , arm64 , Darwin , "Darwin Kernel Version 23.2.0: Wed Nov 15 21:53:34 PST 2023; root:xnu-10002.61.3~2/RELEASE_ARM64_T8103" , Chrome/123.0.6312.122 , 30 , 21 , 3800.9000000003725 , 3851.300000000745 , 50.40000000037253
"Apple M1" , arm64 , Darwin , "Darwin Kernel Version 23.2.0: Wed Nov 15 21:53:34 PST 2023; root:xnu-10002.61.3~2/RELEASE_ARM64_T8103" , Chrome/123.0.6312.122 , 30 , 21 , 7369.4000000003725 , 7422.700000000186 , 53.299999999813735
"Apple M1" , arm64 , Darwin , "Darwin Kernel Version 23.2.0: Wed Nov 15 21:53:34 PST 2023; root:xnu-10002.61.3~2/RELEASE_ARM64_T8103" , Chrome/123.0.6312.122 , 30 , 21 , 11142.5 , 11192.300000000745 , 49.80000000074506
"Apple M1" , arm64 , Darwin , "Darwin Kernel Version 23.2.0: Wed Nov 15 21:53:34 PST 2023; root:xnu-10002.61.3~2/RELEASE_ARM64_T8103" , Chrome/123.0.6312.122 , 30 , 22 , 3798.899999999441 , 3849.399999999441 , 50.5
"Apple M1" , arm64 , Darwin , "Darwin Kernel Version 23.2.0: Wed Nov 15 21:53:34 PST 2023; root:xnu-10002.61.3~2/RELEASE_ARM64_T8103" , Chrome/123.0.6312.122 , 30 , 22 , 7367.699999999255 , 7419.299999999814 , 51.60000000055879
"Apple M1" , arm64 , Darwin , "Darwin Kernel Version 23.2.0: Wed Nov 15 21:53:34 PST 2023; root:xnu-10002.61.3~2/RELEASE_ARM64_T8103" , Chrome/123.0.6312.122 , 30 , 22 , 11148.399999999441 , 11198.099999999627 , 49.700000000186265
"Apple M1" , arm64 , Darwin , "Darwin Kernel Version 23.2.0: Wed Nov 15 21:53:34 PST 2023; root:xnu-10002.61.3~2/RELEASE_ARM64_T8103" , Chrome/123.0.6312.122 , 30 , 23 , 3785.7999999998137 , 3835.7000000001863 , 49.90000000037253
"Apple M1" , arm64 , Darwin , "Darwin Kernel Version 23.2.0: Wed Nov 15 21:53:34 PST 2023; root:xnu-10002.61.3~2/RELEASE_ARM64_T8103" , Chrome/123.0.6312.122 , 30 , 23 , 7352.9000000003725 , 7406.799999999814 , 53.89999999944121
"Apple M1" , arm64 , Darwin , "Darwin Kernel Version 23.2.0: Wed Nov 15 21:53:34 PST 2023; root:xnu-10002.61.3~2/RELEASE_ARM64_T8103" , Chrome/123.0.6312.122 , 30 , 23 , 11122.099999999627 , 11171.900000000373 , 49.80000000074506
"Apple M1" , arm64 , Darwin , "Darwin Kernel Version 23.2.0: Wed Nov 15 21:53:34 PST 2023; root:xnu-10002.61.3~2/RELEASE_ARM64_T8103" , Chrome/123.0.6312.122 , 30 , 24 , 3798.899999999441 , 3848.7999999998137 , 49.90000000037253
"Apple M1" , arm64 , Darwin , "Darwin Kernel Version 23.2.0: Wed Nov 15 21:53:34 PST 2023; root:xnu-10002.61.3~2/RELEASE_ARM64_T8103" , Chrome/123.0.6312.122 , 30 , 24 , 7371.0999999996275 , 7424.5 , 53.40000000037253
"Apple M1" , arm64 , Darwin , "Darwin Kernel Version 23.2.0: Wed Nov 15 21:53:34 PST 2023; root:xnu-10002.61.3~2/RELEASE_ARM64_T8103" , Chrome/123.0.6312.122 , 30 , 24 , 11141.5 , 11192.099999999627 , 50.59999999962747
"Apple M1" , arm64 , Darwin , "Darwin Kernel Version 23.2.0: Wed Nov 15 21:53:34 PST 2023; root:xnu-10002.61.3~2/RELEASE_ARM64_T8103" , Chrome/123.0.6312.122 , 30 , 25 , 3636.7000000001863 , 3686.5 , 49.799999999813735
"Apple M1" , arm64 , Darwin , "Darwin Kernel Version 23.2.0: Wed Nov 15 21:53:34 PST 2023; root:xnu-10002.61.3~2/RELEASE_ARM64_T8103" , Chrome/123.0.6312.122 , 30 , 25 , 7250.100000000559 , 7299.9000000003725 , 49.799999999813735
"Apple M1" , arm64 , Darwin , "Darwin Kernel Version 23.2.0: Wed Nov 15 21:53:34 PST 2023; root:xnu-10002.61.3~2/RELEASE_ARM64_T8103" , Chrome/123.0.6312.122 , 30 , 25 , 10730.800000000745 , 10780 , 49.19999999925494
"Apple M1" , arm64 , Darwin , "Darwin Kernel Version 23.2.0: Wed Nov 15 21:53:34 PST 2023; root:xnu-10002.61.3~2/RELEASE_ARM64_T8103" , Chrome/123.0.6312.122 , 30 , 26 , 3640.7999999998137 , 3690.7999999998137 , 50
"Apple M1" , arm64 , Darwin , "Darwin Kernel Version 23.2.0: Wed Nov 15 21:53:34 PST 2023; root:xnu-10002.61.3~2/RELEASE_ARM64_T8103" , Chrome/123.0.6312.122 , 30 , 26 , 7266.899999999441 , 7317.299999999814 , 50.40000000037253
"Apple M1" , arm64 , Darwin , "Darwin Kernel Version 23.2.0: Wed Nov 15 21:53:34 PST 2023; root:xnu-10002.61.3~2/RELEASE_ARM64_T8103" , Chrome/123.0.6312.122 , 30 , 26 , 10767.399999999441 , 10816.700000000186 , 49.30000000074506
"Apple M1" , arm64 , Darwin , "Darwin Kernel Version 23.2.0: Wed Nov 15 21:53:34 PST 2023; root:xnu-10002.61.3~2/RELEASE_ARM64_T8103" , Chrome/123.0.6312.122 , 30 , 27 , 3815.2000000001863 , 3865 , 49.799999999813735
"Apple M1" , arm64 , Darwin , "Darwin Kernel Version 23.2.0: Wed Nov 15 21:53:34 PST 2023; root:xnu-10002.61.3~2/RELEASE_ARM64_T8103" , Chrome/123.0.6312.122 , 30 , 27 , 7401.799999999814 , 7453.799999999814 , 52
"Apple M1" , arm64 , Darwin , "Darwin Kernel Version 23.2.0: Wed Nov 15 21:53:34 PST 2023; root:xnu-10002.61.3~2/RELEASE_ARM64_T8103" , Chrome/123.0.6312.122 , 30 , 27 , 11198.599999999627 , 11248.299999999814 , 49.700000000186265
"Apple M1" , arm64 , Darwin , "Darwin Kernel Version 23.2.0: Wed Nov 15 21:53:34 PST 2023; root:xnu-10002.61.3~2/RELEASE_ARM64_T8103" , Chrome/123.0.6312.122 , 30 , 28 , 3853.899999999441 , 3903.7000000001863 , 49.80000000074506
"Apple M1" , arm64 , Darwin , "Darwin Kernel Version 23.2.0: Wed Nov 15 21:53:34 PST 2023; root:xnu-10002.61.3~2/RELEASE_ARM64_T8103" , Chrome/123.0.6312.122 , 30 , 28 , 7425.899999999441 , 7479.399999999441 , 53.5
"Apple M1" , arm64 , Darwin , "Darwin Kernel Version 23.2.0: Wed Nov 15 21:53:34 PST 2023; root:xnu-10002.61.3~2/RELEASE_ARM64_T8103" , Chrome/123.0.6312.122 , 30 , 28 , 11207.799999999814 , 11258.299999999814 , 50.5
"Apple M1" , arm64 , Darwin , "Darwin Kernel Version 23.2.0: Wed Nov 15 21:53:34 PST 2023; root:xnu-10002.61.3~2/RELEASE_ARM64_T8103" , Chrome/123.0.6312.122 , 30 , 29 , 3822.5999999996275 , 3873.0999999996275 , 50.5
"Apple M1" , arm64 , Darwin , "Darwin Kernel Version 23.2.0: Wed Nov 15 21:53:34 PST 2023; root:xnu-10002.61.3~2/RELEASE_ARM64_T8103" , Chrome/123.0.6312.122 , 30 , 29 , 7420 , 7473.799999999814 , 53.799999999813735
"Apple M1" , arm64 , Darwin , "Darwin Kernel Version 23.2.0: Wed Nov 15 21:53:34 PST 2023; root:xnu-10002.61.3~2/RELEASE_ARM64_T8103" , Chrome/123.0.6312.122 , 30 , 29 , 11213.599999999627 , 11263.399999999441 , 49.799999999813735
"Apple M1" , arm64 , Darwin , "Darwin Kernel Version 23.2.0: Wed Nov 15 21:53:34 PST 2023; root:xnu-10002.61.3~2/RELEASE_ARM64_T8103" , Chrome/123.0.6312.122 , 30 , 30 , 3801.7999999998137 , 3851.7000000001863 , 49.90000000037253
"Apple M1" , arm64 , Darwin , "Darwin Kernel Version 23.2.0: Wed Nov 15 21:53:34 PST 2023; root:xnu-10002.61.3~2/RELEASE_ARM64_T8103" , Chrome/123.0.6312.122 , 30 , 30 , 7372.5999999996275 , 7422.9000000003725 , 50.30000000074506
"Apple M1" , arm64 , Darwin , "Darwin Kernel Version 23.2.0: Wed Nov 15 21:53:34 PST 2023; root:xnu-10002.61.3~2/RELEASE_ARM64_T8103" , Chrome/123.0.6312.122 , 30 , 30 , 11145.900000000373 , 11195.700000000186 , 49.799999999813735
"Apple M1" , arm64 , Darwin , "Darwin Kernel Version 23.2.0: Wed Nov 15 21:53:34 PST 2023; root:xnu-10002.61.3~2/RELEASE_ARM64_T8103" , firefox/126.0a1 , 30 , 1 , 668 , 742 , 74
"Apple M1" , arm64 , Darwin , "Darwin Kernel Version 23.2.0: Wed Nov 15 21:53:34 PST 2023; root:xnu-10002.61.3~2/RELEASE_ARM64_T8103" , firefox/126.0a1 , 30 , 1 , 1594 , 1667 , 73
"Apple M1" , arm64 , Darwin , "Darwin Kernel Version 23.2.0: Wed Nov 15 21:53:34 PST 2023; root:xnu-10002.61.3~2/RELEASE_ARM64_T8103" , firefox/126.0a1 , 30 , 1 , 2518 , 2590 , 72
"Apple M1" , arm64 , Darwin , "Darwin Kernel Version 23.2.0: Wed Nov 15 21:53:34 PST 2023; root:xnu-10002.61.3~2/RELEASE_ARM64_T8103" , firefox/126.0a1 , 30 , 2 , 665 , 739 , 74
"Apple M1" , arm64 , Darwin , "Darwin Kernel Version 23.2.0: Wed Nov 15 21:53:34 PST 2023; root:xnu-10002.61.3~2/RELEASE_ARM64_T8103" , firefox/126.0a1 , 30 , 2 , 1587 , 1662 , 75
"Apple M1" , arm64 , Darwin , "Darwin Kernel Version 23.2.0: Wed Nov 15 21:53:34 PST 2023; root:xnu-10002.61.3~2/RELEASE_ARM64_T8103" , firefox/126.0a1 , 30 , 2 , 2507 , 2581 , 74
"Apple M1" , arm64 , Darwin , "Darwin Kernel Version 23.2.0: Wed Nov 15 21:53:34 PST 2023; root:xnu-10002.61.3~2/RELEASE_ARM64_T8103" , firefox/126.0a1 , 30 , 3 , 662 , 736 , 74
"Apple M1" , arm64 , Darwin , "Darwin Kernel Version 23.2.0: Wed Nov 15 21:53:34 PST 2023; root:xnu-10002.61.3~2/RELEASE_ARM64_T8103" , firefox/126.0a1 , 30 , 3 , 1583 , 1656 , 73
"Apple M1" , arm64 , Darwin , "Darwin Kernel Version 23.2.0: Wed Nov 15 21:53:34 PST 2023; root:xnu-10002.61.3~2/RELEASE_ARM64_T8103" , firefox/126.0a1 , 30 , 3 , 2511 , 2585 , 74
"Apple M1" , arm64 , Darwin , "Darwin Kernel Version 23.2.0: Wed Nov 15 21:53:34 PST 2023; root:xnu-10002.61.3~2/RELEASE_ARM64_T8103" , firefox/126.0a1 , 30 , 4 , 661 , 734 , 73
"Apple M1" , arm64 , Darwin , "Darwin Kernel Version 23.2.0: Wed Nov 15 21:53:34 PST 2023; root:xnu-10002.61.3~2/RELEASE_ARM64_T8103" , firefox/126.0a1 , 30 , 4 , 1581 , 1655 , 74
"Apple M1" , arm64 , Darwin , "Darwin Kernel Version 23.2.0: Wed Nov 15 21:53:34 PST 2023; root:xnu-10002.61.3~2/RELEASE_ARM64_T8103" , firefox/126.0a1 , 30 , 4 , 2502 , 2575 , 73
"Apple M1" , arm64 , Darwin , "Darwin Kernel Version 23.2.0: Wed Nov 15 21:53:34 PST 2023; root:xnu-10002.61.3~2/RELEASE_ARM64_T8103" , firefox/126.0a1 , 30 , 5 , 664 , 738 , 74
"Apple M1" , arm64 , Darwin , "Darwin Kernel Version 23.2.0: Wed Nov 15 21:53:34 PST 2023; root:xnu-10002.61.3~2/RELEASE_ARM64_T8103" , firefox/126.0a1 , 30 , 5 , 1587 , 1661 , 74
"Apple M1" , arm64 , Darwin , "Darwin Kernel Version 23.2.0: Wed Nov 15 21:53:34 PST 2023; root:xnu-10002.61.3~2/RELEASE_ARM64_T8103" , firefox/126.0a1 , 30 , 5 , 2506 , 2580 , 74
"Apple M1" , arm64 , Darwin , "Darwin Kernel Version 23.2.0: Wed Nov 15 21:53:34 PST 2023; root:xnu-10002.61.3~2/RELEASE_ARM64_T8103" , firefox/126.0a1 , 30 , 6 , 663 , 736 , 73
"Apple M1" , arm64 , Darwin , "Darwin Kernel Version 23.2.0: Wed Nov 15 21:53:34 PST 2023; root:xnu-10002.61.3~2/RELEASE_ARM64_T8103" , firefox/126.0a1 , 30 , 6 , 1581 , 1654 , 73
"Apple M1" , arm64 , Darwin , "Darwin Kernel Version 23.2.0: Wed Nov 15 21:53:34 PST 2023; root:xnu-10002.61.3~2/RELEASE_ARM64_T8103" , firefox/126.0a1 , 30 , 6 , 2500 , 2573 , 73
"Apple M1" , arm64 , Darwin , "Darwin Kernel Version 23.2.0: Wed Nov 15 21:53:34 PST 2023; root:xnu-10002.61.3~2/RELEASE_ARM64_T8103" , firefox/126.0a1 , 30 , 7 , 661 , 734 , 73
"Apple M1" , arm64 , Darwin , "Darwin Kernel Version 23.2.0: Wed Nov 15 21:53:34 PST 2023; root:xnu-10002.61.3~2/RELEASE_ARM64_T8103" , firefox/126.0a1 , 30 , 7 , 1579 , 1652 , 73
"Apple M1" , arm64 , Darwin , "Darwin Kernel Version 23.2.0: Wed Nov 15 21:53:34 PST 2023; root:xnu-10002.61.3~2/RELEASE_ARM64_T8103" , firefox/126.0a1 , 30 , 7 , 2499 , 2573 , 74
"Apple M1" , arm64 , Darwin , "Darwin Kernel Version 23.2.0: Wed Nov 15 21:53:34 PST 2023; root:xnu-10002.61.3~2/RELEASE_ARM64_T8103" , firefox/126.0a1 , 30 , 8 , 664 , 737 , 73
"Apple M1" , arm64 , Darwin , "Darwin Kernel Version 23.2.0: Wed Nov 15 21:53:34 PST 2023; root:xnu-10002.61.3~2/RELEASE_ARM64_T8103" , firefox/126.0a1 , 30 , 8 , 1584 , 1657 , 73
"Apple M1" , arm64 , Darwin , "Darwin Kernel Version 23.2.0: Wed Nov 15 21:53:34 PST 2023; root:xnu-10002.61.3~2/RELEASE_ARM64_T8103" , firefox/126.0a1 , 30 , 8 , 2501 , 2575 , 74
"Apple M1" , arm64 , Darwin , "Darwin Kernel Version 23.2.0: Wed Nov 15 21:53:34 PST 2023; root:xnu-10002.61.3~2/RELEASE_ARM64_T8103" , firefox/126.0a1 , 30 , 9 , 663 , 737 , 74
"Apple M1" , arm64 , Darwin , "Darwin Kernel Version 23.2.0: Wed Nov 15 21:53:34 PST 2023; root:xnu-10002.61.3~2/RELEASE_ARM64_T8103" , firefox/126.0a1 , 30 , 9 , 1582 , 1655 , 73
"Apple M1" , arm64 , Darwin , "Darwin Kernel Version 23.2.0: Wed Nov 15 21:53:34 PST 2023; root:xnu-10002.61.3~2/RELEASE_ARM64_T8103" , firefox/126.0a1 , 30 , 9 , 2502 , 2576 , 74
"Apple M1" , arm64 , Darwin , "Darwin Kernel Version 23.2.0: Wed Nov 15 21:53:34 PST 2023; root:xnu-10002.61.3~2/RELEASE_ARM64_T8103" , firefox/126.0a1 , 30 , 10 , 666 , 741 , 75
"Apple M1" , arm64 , Darwin , "Darwin Kernel Version 23.2.0: Wed Nov 15 21:53:34 PST 2023; root:xnu-10002.61.3~2/RELEASE_ARM64_T8103" , firefox/126.0a1 , 30 , 10 , 1589 , 1662 , 73
"Apple M1" , arm64 , Darwin , "Darwin Kernel Version 23.2.0: Wed Nov 15 21:53:34 PST 2023; root:xnu-10002.61.3~2/RELEASE_ARM64_T8103" , firefox/126.0a1 , 30 , 10 , 2511 , 2584 , 73
"Apple M1" , arm64 , Darwin , "Darwin Kernel Version 23.2.0: Wed Nov 15 21:53:34 PST 2023; root:xnu-10002.61.3~2/RELEASE_ARM64_T8103" , firefox/126.0a1 , 30 , 11 , 665 , 739 , 74
"Apple M1" , arm64 , Darwin , "Darwin Kernel Version 23.2.0: Wed Nov 15 21:53:34 PST 2023; root:xnu-10002.61.3~2/RELEASE_ARM64_T8103" , firefox/126.0a1 , 30 , 11 , 1587 , 1661 , 74
"Apple M1" , arm64 , Darwin , "Darwin Kernel Version 23.2.0: Wed Nov 15 21:53:34 PST 2023; root:xnu-10002.61.3~2/RELEASE_ARM64_T8103" , firefox/126.0a1 , 30 , 11 , 2508 , 2582 , 74
"Apple M1" , arm64 , Darwin , "Darwin Kernel Version 23.2.0: Wed Nov 15 21:53:34 PST 2023; root:xnu-10002.61.3~2/RELEASE_ARM64_T8103" , firefox/126.0a1 , 30 , 12 , 674 , 748 , 74
"Apple M1" , arm64 , Darwin , "Darwin Kernel Version 23.2.0: Wed Nov 15 21:53:34 PST 2023; root:xnu-10002.61.3~2/RELEASE_ARM64_T8103" , firefox/126.0a1 , 30 , 12 , 1597 , 1671 , 74
"Apple M1" , arm64 , Darwin , "Darwin Kernel Version 23.2.0: Wed Nov 15 21:53:34 PST 2023; root:xnu-10002.61.3~2/RELEASE_ARM64_T8103" , firefox/126.0a1 , 30 , 12 , 2519 , 2593 , 74
"Apple M1" , arm64 , Darwin , "Darwin Kernel Version 23.2.0: Wed Nov 15 21:53:34 PST 2023; root:xnu-10002.61.3~2/RELEASE_ARM64_T8103" , firefox/126.0a1 , 30 , 13 , 672 , 746 , 74
"Apple M1" , arm64 , Darwin , "Darwin Kernel Version 23.2.0: Wed Nov 15 21:53:34 PST 2023; root:xnu-10002.61.3~2/RELEASE_ARM64_T8103" , firefox/126.0a1 , 30 , 13 , 1593 , 1666 , 73
"Apple M1" , arm64 , Darwin , "Darwin Kernel Version 23.2.0: Wed Nov 15 21:53:34 PST 2023; root:xnu-10002.61.3~2/RELEASE_ARM64_T8103" , firefox/126.0a1 , 30 , 13 , 2511 , 2583 , 72
"Apple M1" , arm64 , Darwin , "Darwin Kernel Version 23.2.0: Wed Nov 15 21:53:34 PST 2023; root:xnu-10002.61.3~2/RELEASE_ARM64_T8103" , firefox/126.0a1 , 30 , 14 , 665 , 740 , 75
"Apple M1" , arm64 , Darwin , "Darwin Kernel Version 23.2.0: Wed Nov 15 21:53:34 PST 2023; root:xnu-10002.61.3~2/RELEASE_ARM64_T8103" , firefox/126.0a1 , 30 , 14 , 1585 , 1658 , 73
"Apple M1" , arm64 , Darwin , "Darwin Kernel Version 23.2.0: Wed Nov 15 21:53:34 PST 2023; root:xnu-10002.61.3~2/RELEASE_ARM64_T8103" , firefox/126.0a1 , 30 , 14 , 2503 , 2576 , 73
"Apple M1" , arm64 , Darwin , "Darwin Kernel Version 23.2.0: Wed Nov 15 21:53:34 PST 2023; root:xnu-10002.61.3~2/RELEASE_ARM64_T8103" , firefox/126.0a1 , 30 , 15 , 663 , 736 , 73
"Apple M1" , arm64 , Darwin , "Darwin Kernel Version 23.2.0: Wed Nov 15 21:53:34 PST 2023; root:xnu-10002.61.3~2/RELEASE_ARM64_T8103" , firefox/126.0a1 , 30 , 15 , 1580 , 1653 , 73
"Apple M1" , arm64 , Darwin , "Darwin Kernel Version 23.2.0: Wed Nov 15 21:53:34 PST 2023; root:xnu-10002.61.3~2/RELEASE_ARM64_T8103" , firefox/126.0a1 , 30 , 15 , 2502 , 2574 , 72
"Apple M1" , arm64 , Darwin , "Darwin Kernel Version 23.2.0: Wed Nov 15 21:53:34 PST 2023; root:xnu-10002.61.3~2/RELEASE_ARM64_T8103" , firefox/126.0a1 , 30 , 16 , 661 , 735 , 74
"Apple M1" , arm64 , Darwin , "Darwin Kernel Version 23.2.0: Wed Nov 15 21:53:34 PST 2023; root:xnu-10002.61.3~2/RELEASE_ARM64_T8103" , firefox/126.0a1 , 30 , 16 , 1586 , 1661 , 75
"Apple M1" , arm64 , Darwin , "Darwin Kernel Version 23.2.0: Wed Nov 15 21:53:34 PST 2023; root:xnu-10002.61.3~2/RELEASE_ARM64_T8103" , firefox/126.0a1 , 30 , 16 , 2506 , 2579 , 73
"Apple M1" , arm64 , Darwin , "Darwin Kernel Version 23.2.0: Wed Nov 15 21:53:34 PST 2023; root:xnu-10002.61.3~2/RELEASE_ARM64_T8103" , firefox/126.0a1 , 30 , 17 , 664 , 738 , 74
"Apple M1" , arm64 , Darwin , "Darwin Kernel Version 23.2.0: Wed Nov 15 21:53:34 PST 2023; root:xnu-10002.61.3~2/RELEASE_ARM64_T8103" , firefox/126.0a1 , 30 , 17 , 1582 , 1656 , 74
"Apple M1" , arm64 , Darwin , "Darwin Kernel Version 23.2.0: Wed Nov 15 21:53:34 PST 2023; root:xnu-10002.61.3~2/RELEASE_ARM64_T8103" , firefox/126.0a1 , 30 , 17 , 2500 , 2574 , 74
"Apple M1" , arm64 , Darwin , "Darwin Kernel Version 23.2.0: Wed Nov 15 21:53:34 PST 2023; root:xnu-10002.61.3~2/RELEASE_ARM64_T8103" , firefox/126.0a1 , 30 , 18 , 664 , 737 , 73
"Apple M1" , arm64 , Darwin , "Darwin Kernel Version 23.2.0: Wed Nov 15 21:53:34 PST 2023; root:xnu-10002.61.3~2/RELEASE_ARM64_T8103" , firefox/126.0a1 , 30 , 18 , 1583 , 1656 , 73
"Apple M1" , arm64 , Darwin , "Darwin Kernel Version 23.2.0: Wed Nov 15 21:53:34 PST 2023; root:xnu-10002.61.3~2/RELEASE_ARM64_T8103" , firefox/126.0a1 , 30 , 18 , 2503 , 2577 , 74
"Apple M1" , arm64 , Darwin , "Darwin Kernel Version 23.2.0: Wed Nov 15 21:53:34 PST 2023; root:xnu-10002.61.3~2/RELEASE_ARM64_T8103" , firefox/126.0a1 , 30 , 19 , 670 , 743 , 73
"Apple M1" , arm64 , Darwin , "Darwin Kernel Version 23.2.0: Wed Nov 15 21:53:34 PST 2023; root:xnu-10002.61.3~2/RELEASE_ARM64_T8103" , firefox/126.0a1 , 30 , 19 , 1592 , 1665 , 73
"Apple M1" , arm64 , Darwin , "Darwin Kernel Version 23.2.0: Wed Nov 15 21:53:34 PST 2023; root:xnu-10002.61.3~2/RELEASE_ARM64_T8103" , firefox/126.0a1 , 30 , 19 , 2526 , 2599 , 73
"Apple M1" , arm64 , Darwin , "Darwin Kernel Version 23.2.0: Wed Nov 15 21:53:34 PST 2023; root:xnu-10002.61.3~2/RELEASE_ARM64_T8103" , firefox/126.0a1 , 30 , 20 , 664 , 738 , 74
"Apple M1" , arm64 , Darwin , "Darwin Kernel Version 23.2.0: Wed Nov 15 21:53:34 PST 2023; root:xnu-10002.61.3~2/RELEASE_ARM64_T8103" , firefox/126.0a1 , 30 , 20 , 1584 , 1656 , 72
"Apple M1" , arm64 , Darwin , "Darwin Kernel Version 23.2.0: Wed Nov 15 21:53:34 PST 2023; root:xnu-10002.61.3~2/RELEASE_ARM64_T8103" , firefox/126.0a1 , 30 , 20 , 2502 , 2575 , 73
"Apple M1" , arm64 , Darwin , "Darwin Kernel Version 23.2.0: Wed Nov 15 21:53:34 PST 2023; root:xnu-10002.61.3~2/RELEASE_ARM64_T8103" , firefox/126.0a1 , 30 , 21 , 663 , 737 , 74
"Apple M1" , arm64 , Darwin , "Darwin Kernel Version 23.2.0: Wed Nov 15 21:53:34 PST 2023; root:xnu-10002.61.3~2/RELEASE_ARM64_T8103" , firefox/126.0a1 , 30 , 21 , 1584 , 1658 , 74
"Apple M1" , arm64 , Darwin , "Darwin Kernel Version 23.2.0: Wed Nov 15 21:53:34 PST 2023; root:xnu-10002.61.3~2/RELEASE_ARM64_T8103" , firefox/126.0a1 , 30 , 21 , 2504 , 2579 , 75
"Apple M1" , arm64 , Darwin , "Darwin Kernel Version 23.2.0: Wed Nov 15 21:53:34 PST 2023; root:xnu-10002.61.3~2/RELEASE_ARM64_T8103" , firefox/126.0a1 , 30 , 22 , 663 , 736 , 73
"Apple M1" , arm64 , Darwin , "Darwin Kernel Version 23.2.0: Wed Nov 15 21:53:34 PST 2023; root:xnu-10002.61.3~2/RELEASE_ARM64_T8103" , firefox/126.0a1 , 30 , 22 , 1586 , 1659 , 73
"Apple M1" , arm64 , Darwin , "Darwin Kernel Version 23.2.0: Wed Nov 15 21:53:34 PST 2023; root:xnu-10002.61.3~2/RELEASE_ARM64_T8103" , firefox/126.0a1 , 30 , 22 , 2504 , 2578 , 74
"Apple M1" , arm64 , Darwin , "Darwin Kernel Version 23.2.0: Wed Nov 15 21:53:34 PST 2023; root:xnu-10002.61.3~2/RELEASE_ARM64_T8103" , firefox/126.0a1 , 30 , 23 , 665 , 738 , 73
"Apple M1" , arm64 , Darwin , "Darwin Kernel Version 23.2.0: Wed Nov 15 21:53:34 PST 2023; root:xnu-10002.61.3~2/RELEASE_ARM64_T8103" , firefox/126.0a1 , 30 , 23 , 1583 , 1656 , 73
"Apple M1" , arm64 , Darwin , "Darwin Kernel Version 23.2.0: Wed Nov 15 21:53:34 PST 2023; root:xnu-10002.61.3~2/RELEASE_ARM64_T8103" , firefox/126.0a1 , 30 , 23 , 2503 , 2576 , 73
"Apple M1" , arm64 , Darwin , "Darwin Kernel Version 23.2.0: Wed Nov 15 21:53:34 PST 2023; root:xnu-10002.61.3~2/RELEASE_ARM64_T8103" , firefox/126.0a1 , 30 , 24 , 666 , 740 , 74
"Apple M1" , arm64 , Darwin , "Darwin Kernel Version 23.2.0: Wed Nov 15 21:53:34 PST 2023; root:xnu-10002.61.3~2/RELEASE_ARM64_T8103" , firefox/126.0a1 , 30 , 24 , 1585 , 1658 , 73
"Apple M1" , arm64 , Darwin , "Darwin Kernel Version 23.2.0: Wed Nov 15 21:53:34 PST 2023; root:xnu-10002.61.3~2/RELEASE_ARM64_T8103" , firefox/126.0a1 , 30 , 24 , 2502 , 2576 , 74
"Apple M1" , arm64 , Darwin , "Darwin Kernel Version 23.2.0: Wed Nov 15 21:53:34 PST 2023; root:xnu-10002.61.3~2/RELEASE_ARM64_T8103" , firefox/126.0a1 , 30 , 25 , 661 , 735 , 74
"Apple M1" , arm64 , Darwin , "Darwin Kernel Version 23.2.0: Wed Nov 15 21:53:34 PST 2023; root:xnu-10002.61.3~2/RELEASE_ARM64_T8103" , firefox/126.0a1 , 30 , 25 , 1580 , 1653 , 73
"Apple M1" , arm64 , Darwin , "Darwin Kernel Version 23.2.0: Wed Nov 15 21:53:34 PST 2023; root:xnu-10002.61.3~2/RELEASE_ARM64_T8103" , firefox/126.0a1 , 30 , 25 , 2500 , 2573 , 73
"Apple M1" , arm64 , Darwin , "Darwin Kernel Version 23.2.0: Wed Nov 15 21:53:34 PST 2023; root:xnu-10002.61.3~2/RELEASE_ARM64_T8103" , firefox/126.0a1 , 30 , 26 , 664 , 737 , 73
"Apple M1" , arm64 , Darwin , "Darwin Kernel Version 23.2.0: Wed Nov 15 21:53:34 PST 2023; root:xnu-10002.61.3~2/RELEASE_ARM64_T8103" , firefox/126.0a1 , 30 , 26 , 1584 , 1657 , 73
"Apple M1" , arm64 , Darwin , "Darwin Kernel Version 23.2.0: Wed Nov 15 21:53:34 PST 2023; root:xnu-10002.61.3~2/RELEASE_ARM64_T8103" , firefox/126.0a1 , 30 , 26 , 2503 , 2576 , 73
"Apple M1" , arm64 , Darwin , "Darwin Kernel Version 23.2.0: Wed Nov 15 21:53:34 PST 2023; root:xnu-10002.61.3~2/RELEASE_ARM64_T8103" , firefox/126.0a1 , 30 , 27 , 664 , 739 , 75
"Apple M1" , arm64 , Darwin , "Darwin Kernel Version 23.2.0: Wed Nov 15 21:53:34 PST 2023; root:xnu-10002.61.3~2/RELEASE_ARM64_T8103" , firefox/126.0a1 , 30 , 27 , 1586 , 1659 , 73
"Apple M1" , arm64 , Darwin , "Darwin Kernel Version 23.2.0: Wed Nov 15 21:53:34 PST 2023; root:xnu-10002.61.3~2/RELEASE_ARM64_T8103" , firefox/126.0a1 , 30 , 27 , 2508 , 2582 , 74
"Apple M1" , arm64 , Darwin , "Darwin Kernel Version 23.2.0: Wed Nov 15 21:53:34 PST 2023; root:xnu-10002.61.3~2/RELEASE_ARM64_T8103" , firefox/126.0a1 , 30 , 28 , 666 , 740 , 74
"Apple M1" , arm64 , Darwin , "Darwin Kernel Version 23.2.0: Wed Nov 15 21:53:34 PST 2023; root:xnu-10002.61.3~2/RELEASE_ARM64_T8103" , firefox/126.0a1 , 30 , 28 , 1591 , 1665 , 74
"Apple M1" , arm64 , Darwin , "Darwin Kernel Version 23.2.0: Wed Nov 15 21:53:34 PST 2023; root:xnu-10002.61.3~2/RELEASE_ARM64_T8103" , firefox/126.0a1 , 30 , 28 , 2517 , 2590 , 73
"Apple M1" , arm64 , Darwin , "Darwin Kernel Version 23.2.0: Wed Nov 15 21:53:34 PST 2023; root:xnu-10002.61.3~2/RELEASE_ARM64_T8103" , firefox/126.0a1 , 30 , 29 , 662 , 737 , 75
"Apple M1" , arm64 , Darwin , "Darwin Kernel Version 23.2.0: Wed Nov 15 21:53:34 PST 2023; root:xnu-10002.61.3~2/RELEASE_ARM64_T8103" , firefox/126.0a1 , 30 , 29 , 1583 , 1656 , 73
"Apple M1" , arm64 , Darwin , "Darwin Kernel Version 23.2.0: Wed Nov 15 21:53:34 PST 2023; root:xnu-10002.61.3~2/RELEASE_ARM64_T8103" , firefox/126.0a1 , 30 , 29 , 2502 , 2574 , 72
"Apple M1" , arm64 , Darwin , "Darwin Kernel Version 23.2.0: Wed Nov 15 21:53:34 PST 2023; root:xnu-10002.61.3~2/RELEASE_ARM64_T8103" , firefox/126.0a1 , 30 , 30 , 663 , 737 , 74
"Apple M1" , arm64 , Darwin , "Darwin Kernel Version 23.2.0: Wed Nov 15 21:53:34 PST 2023; root:xnu-10002.61.3~2/RELEASE_ARM64_T8103" , firefox/126.0a1 , 30 , 30 , 1581 , 1656 , 75
"Apple M1" , arm64 , Darwin , "Darwin Kernel Version 23.2.0: Wed Nov 15 21:53:34 PST 2023; root:xnu-10002.61.3~2/RELEASE_ARM64_T8103" , firefox/126.0a1 , 30 , 30 , 2503 , 2577 , 74